131.134552,44.337551
131.145309,44.29855
131.156158,44.259609
131.167068,44.220737
131.17807,44.181927
131.189148,44.143181
131.200317,44.1045
131.211548,44.065891
131.19545,44.041172
131.234283,43.988876
131.218277,43.964161
131.229813,43.925762
131.24144,43.88744
131.253159,43.84919
131.264969,43.811012
131.249176,43.786236
131.261124,43.748146
131.273163,43.710133
131.257507,43.685299
131.297501,43.634346
131.281967,43.609531
131.294327,43.571774
131.306793,43.5341
131.291183,43.508762
131.303802,43.471184
131.316528,43.433693
131.301254,43.408768
131.286011,43.383797
131.29895,43.346428
131.311996,43.309155
131.296906,43.284153
131.310104,43.24699
131.32341,43.209919
131.308487,43.184898
131.293594,43.159809
131.307129,43.122883
131.32074,43.085949
131.306,43.060848
131.291306,43.035667
131.305176,42.998981
131.290588,42.973789
131.290344,42.94289
131.318817,42.900791
131.304413,42.875599
131.290024,42.850349
131.304443,42.814072
131.290176,42.788795
131.27594,42.763466
131.261749,42.738083
131.276505,42.702011
131.262436,42.676609
131.277374,42.640686
131.263412,42.615269
131.249496,42.589802
131.235626,42.564281
131.250916,42.528587
131.237167,42.503059
131.22345,42.477486
131.239029,42.44199
131.225449,42.416405
131.211899,42.390778
131.19841,42.365101
131.184982,42.339382
131.171585,42.313618
131.187683,42.278465
131.174423,42.252701
131.161209,42.226898
131.148056,42.20105
131.16452,42.166164
131.151505,42.140327
131.138535,42.114449
131.125626,42.088528
131.112762,42.062572
131.09996,42.036575
131.087204,42.010544
131.074509,41.98447
131.061874,41.958363
131.049301,41.93222
131.036774,41.90604
131.024307,41.879829
131.011917,41.85358
130.999573,41.827301
130.987167,41.80048
130.974945,41.774132
130.962784,41.747726
130.950684,41.721317
130.93866,41.694881
130.926682,41.668411
130.91478,41.641911
130.902939,41.615383
130.891159,41.588829
130.879456,41.562248
130.867783,41.535538
130.856216,41.508896
130.814331,41.488831
130.802856,41.462044
130.791458,41.435242
130.780136,41.408417
130.738403,41.387802
130.727188,41.360836
130.716034,41.333851
130.704971,41.306843
130.69397,41.279816
130.683029,41.252766
130.67218,41.225697
130.630753,41.204185
130.620026,41.176987
130.578674,41.155148
130.568069,41.127823
130.557541,41.100479
130.547089,41.073116
130.536713,41.045742
130.495605,41.023258
130.454544,41.000561
130.444351,40.972958
138.246643,40.407688
138.263779,40.411373
138.28096,40.414989
138.298157,40.418533
138.320114,40.417385
138.337311,40.420773
138.359116,40.419437
138.376297,40.422672
138.393509,40.425835
138.410751,40.428925
138.428009,40.431946
138.445297,40.434895
138.462616,40.437771
138.48407,40.435837
138.501358,40.438557
138.518677,40.441208
138.539948,40.439011
138.557236,40.441509
138.574554,40.443932
138.591888,40.446281
138.609253,40.448563
138.626617,40.450768
138.644012,40.452904
138.661438,40.454964
138.682251,40.452106
138.699631,40.454018
138.717026,40.455853
138.734451,40.457615
138.75499,40.45443
138.772369,40.456039
138.789764,40.457581
138.807175,40.459045
138.8246,40.460438
138.842026,40.461761
138.859482,40.463009
138.876938,40.464184
138.894409,40.465282
138.914398,40.461384
138.931824,40.462334
138.949249,40.463215
138.966705,40.46402
138.986374,40.459808
139.003769,40.460464
139.021164,40.461048
139.038574,40.461559
139.055984,40.461994
139.07341,40.46236
139.090836,40.46265
139.108276,40.462872
139.125702,40.463017
139.143143,40.463089
139.160599,40.463089
139.17804,40.463017
139.19548,40.462868
139.214264,40.457691
139.231644,40.457397
139.249023,40.457031
139.266418,40.456596
139.283798,40.456085
139.301178,40.455502
139.318558,40.454845
139.336777,40.449169
139.354095,40.448372
139.371399,40.447502
139.388702,40.44656
139.405991,40.445541
139.423279,40.444454
139.440567,40.443295
139.457855,40.442062
139.475128,40.440758
139.492401,40.439381
139.509659,40.437927
139.526917,40.436409
139.544159,40.434814
139.561386,40.433147
139.578613,40.431412
139.59584,40.4296
139.613037,40.427719
139.630234,40.425766
139.647415,40.42374
139.664597,40.421642
139.681747,40.419476
139.698898,40.417236
139.716019,40.414925
139.733139,40.41254
139.750244,40.410088
139.767334,40.407562
139.783463,40.400192
139.800446,40.397533
139.817413,40.394806
139.834366,40.39201
139.851303,40.389141
139.868225,40.386204
139.885117,40.383194
139.901993,40.380116
139.918854,40.376968
139.935699,40.373749
139.952515,40.370461
139.969315,40.367104
139.986084,40.363674
140.002838,40.36018
140.019562,40.356613
140.03627,40.352978
140.052948,40.349274
140.069611,40.345501
140.088394,40.346203
140.105072,40.342274
140.121719,40.33828
140.138336,40.334221
140.154922,40.33009
140.171494,40.32589
140.188034,40.321621
140.204544,40.317287
140.221024,40.312885
140.237473,40.308414
133.094803,32.327442
133.123535,32.385765
133.169235,32.463734
133.215149,32.541496
133.244308,32.599392
133.27359,32.657177
133.337067,32.753967
133.366669,32.81142
133.396408,32.868759
133.42627,32.92598
133.47345,33.002434
133.503601,33.059361
133.551178,33.135414
133.581619,33.192036
133.612213,33.248528
133.642914,33.304893
133.673767,33.36113
133.745575,33.459854
133.776764,33.515724
133.79953,33.562202
133.839813,33.627274
133.871399,33.682716
133.903107,33.738014
133.934952,33.793171
133.966949,33.848179
133.999069,33.903038
134.031326,33.957745
134.063736,34.012302
134.096268,34.066708
134.111023,34.102661
134.145004,34.157795
134.177933,34.211784
134.211273,34.265846
134.226425,34.301472
134.25972,34.355026
134.293167,34.408417
134.317673,34.452705
134.342285,34.496883
134.376099,34.54982
134.39183,34.584908
134.425903,34.637554
134.460114,34.690025
134.47612,34.724827
134.510574,34.776997
134.526779,34.811619
134.561478,34.863483
134.577866,34.897926
134.612823,34.949478
134.629395,34.983734
134.664597,35.034966
134.681351,35.069031
134.698196,35.103031
134.733749,35.153797
134.750778,35.187599
134.767899,35.221333
134.803802,35.271626
134.821106,35.305153
134.838486,35.338604
134.865356,35.380196
134.892319,35.421642
134.909973,35.454803
134.927719,35.487888
134.945541,35.520897
134.982346,35.569897
135.000366,35.602673
135.018463,35.635368
135.036652,35.66798
135.054916,35.700508
135.09227,35.748669
135.110718,35.780952
135.129242,35.813148
135.147858,35.845261
135.166565,35.877281
135.185349,35.90921
135.204208,35.941048
135.247879,35.992683
135.266922,36.024261
135.286346,36.055988
135.305557,36.087372
135.32486,36.118656
135.344223,36.149841
135.363678,36.180923
135.383224,36.211906
135.402832,36.242786
135.422531,36.273563
135.44342,36.305176
135.444061,36.321465
135.464218,36.3522
135.493927,36.389755
135.504349,36.412991
135.524506,36.443195
135.544739,36.473289
135.565048,36.503269
135.585434,36.533134
135.586533,36.549206
135.607056,36.578918
135.627655,36.608517
135.648331,36.637997
135.669083,36.667355
135.689911,36.696594
135.691391,36.712521
135.712357,36.741596
135.733398,36.770546
135.754501,36.799374
135.756256,36.815216
135.777496,36.843872
135.798813,36.872402
135.820206,36.900803
135.822205,36.91655
135.843719,36.944771
135.865311,36.972862
135.867508,36.988552
135.889221,37.01646
135.911011,37.044231
135.913406,37.059856
144.859421,39.554325
144.856155,39.573513
144.852844,39.592693
144.849518,39.611866
144.846161,39.631027
144.842773,39.650181
144.812531,39.667496
144.809097,39.686535
144.805649,39.705559
144.80217,39.724575
144.79866,39.74358
144.795135,39.762573
144.79158,39.781555
144.787994,39.800522
144.784393,39.819473
144.780777,39.838417
144.77713,39.857342
144.773453,39.876255
144.76976,39.895149
144.766037,39.914032
144.762299,39.932896
144.758545,39.951744
144.754761,39.970573
144.750961,39.989388
144.747147,40.008183
144.743301,40.026958
144.739456,40.045719
144.735565,40.064457
144.731674,40.083176
144.727753,40.101875
144.723831,40.120552
144.719879,40.13921
144.715912,40.157845
144.711929,40.176456
144.734436,40.19957
144.730408,40.218231
144.726364,40.23687
144.722305,40.255486
144.718231,40.274075
144.714142,40.292641
144.710037,40.311176
144.705917,40.329693
144.701782,40.348179
144.697647,40.366638
144.719849,40.390526
144.715668,40.409023
144.711487,40.427494
144.707275,40.445934
144.703064,40.464348
144.698837,40.482731
144.694595,40.501083
144.716614,40.525505
144.712357,40.543884
144.708069,40.562237
144.703781,40.580559
144.699493,40.598843
144.721375,40.62365
144.717056,40.64196
144.712723,40.66024
144.708389,40.678482
144.704041,40.69669
144.712738,40.718365
144.708389,40.736546
144.730103,40.761871
144.725708,40.780071
144.734344,40.80191
144.729935,40.82008
144.72554,40.838211
144.72113,40.856304
144.742706,40.882061
144.738281,40.900166
144.733841,40.918228
144.755356,40.944214
144.7509,40.962284
144.74646,40.980312
144.742004,40.998299
144.763443,41.024551
144.758987,41.042538
144.754517,41.060482
144.775894,41.086948
144.771423,41.104893
144.792755,41.131519
144.788269,41.14946
144.783798,41.167355
144.805069,41.19418
144.800583,41.212067
144.796097,41.229908
144.817337,41.256927
144.812851,41.274757
144.808365,41.292538
144.829559,41.319744
144.825073,41.337509
144.846252,41.364861
144.841766,41.38261
144.8629,41.410103
144.858414,41.427834
144.879517,41.455463
144.875031,41.473171
144.87056,41.490826
144.891647,41.51862
144.912704,41.546516
144.908234,41.564175
144.903778,41.581776
144.92482,41.609829
144.945847,41.637978
144.941391,41.655575
144.962402,41.683842
144.957962,41.701405
144.978958,41.72979
144.974533,41.747314
144.995514,41.775814
144.991104,41.793301
145.012085,41.821911
145.00769,41.839355
145.028671,41.868073
133.83728,39.521702
133.833542,39.500938
133.831314,39.470573
133.800125,39.450291
133.796524,39.429417
133.792984,39.408543
133.789474,39.387665
133.786087,39.366299
133.755051,39.345478
133.751678,39.324505
133.748337,39.303532
133.745041,39.282558
133.714142,39.261257
133.710922,39.240192
133.707764,39.219128
133.704636,39.198071
133.673904,39.176277
133.670853,39.155128
133.667862,39.133984
133.664932,39.112843
133.634354,39.090569
133.6315,39.069344
133.629105,39.04615
133.598709,39.023357
133.595993,39.002056
133.593338,38.980766
133.563141,38.957294
133.560608,38.935818
133.55809,38.914459
133.527954,38.891041
133.525543,38.869602
133.523178,38.848179
133.493195,38.824394
133.490936,38.802895
133.488739,38.781414
133.458908,38.757267
133.456802,38.735714
133.427094,38.711292
133.425095,38.689674
133.423157,38.668072
133.393616,38.643299
133.391785,38.621632
133.362366,38.596596
133.360641,38.574863
133.331345,38.549564
133.329742,38.527775
133.300568,38.502216
133.299072,38.48037
133.270035,38.454552
133.268661,38.432652
133.239746,38.406578
133.238495,38.384624
133.209717,38.358299
133.208588,38.336292
133.179947,38.309723
133.17894,38.287666
133.150452,38.260845
133.12204,38.233856
133.121216,38.211685
133.092941,38.184452
133.092255,38.162235
133.064133,38.134762
133.063568,38.112507
133.035614,38.084801
133.007736,38.056923
133.00737,38.034561
132.979645,38.006454
132.979416,37.984058
132.938171,37.952736
132.924393,37.927223
132.897018,37.89856
132.897064,37.876003
132.869858,37.847122
132.842743,37.818077
132.843002,37.795433
132.816071,37.766171
132.789215,37.736748
132.789703,37.71402
132.763031,37.684387
132.736465,37.654594
132.709991,37.624653
132.68364,37.594559
132.684494,37.57164
132.662704,37.530354
132.636734,37.499752
132.610809,37.469116
132.585236,37.437748
132.586533,37.414665
132.560913,37.383686
132.535416,37.352558
132.51001,37.321285
132.484726,37.289867
132.459549,37.258308
132.434494,37.226608
132.409546,37.194763
132.38472,37.162781
132.387833,37.136955
132.336502,37.095982
132.338943,37.071987
132.287964,37.03043
132.290375,37.006828
132.239624,36.964939
132.242218,36.941254
132.191788,36.898911
132.194565,36.875141
132.170914,36.841888
132.120941,36.798878
132.09758,36.765274
132.074341,36.731541
132.051224,36.697681
132.028244,36.663692
132.005386,36.629578
131.982666,36.595341
131.960068,36.560974
131.911438,36.51614
140.69783,40.295284
140.714432,40.29229
140.731003,40.289223
140.752228,40.290287
140.768814,40.287079
140.785355,40.283798
140.80188,40.280453
140.81839,40.277042
140.834854,40.273563
140.856354,40.274132
140.872818,40.270508
140.889252,40.266815
140.910919,40.267128
140.927353,40.26329
140.943756,40.259384
140.960129,40.255417
140.976471,40.251381
140.998337,40.25127
141.014679,40.247086
141.036652,40.246796
141.052979,40.242466
141.069275,40.238071
141.085526,40.233612
141.10173,40.229088
141.11792,40.224499
141.140106,40.223694
141.156265,40.21896
141.178574,40.217968
141.194717,40.213085
141.210815,40.208141
141.226883,40.203133
141.242905,40.198059
141.265366,40.196632
141.281372,40.191414
141.297333,40.186131
141.316574,40.18261
141.339188,40.18082
141.35849,40.17712
141.37439,40.171547
141.390259,40.165913
141.41301,40.16375
141.428833,40.157967
141.444626,40.152126
141.460358,40.146221
141.483215,40.1437
141.498917,40.13765
141.521851,40.134937
141.537521,40.128742
141.553116,40.12249
141.56868,40.116173
141.591705,40.113102
141.607224,40.10664
141.630325,40.103374
141.645798,40.096771
141.661209,40.090111
141.676575,40.083385
141.699738,40.079758
141.722961,40.076015
141.738281,40.069069
141.75354,40.062061
141.768753,40.054996
141.792038,40.050892
141.815369,40.046677
141.830521,40.039387
141.845612,40.032036
141.860641,40.024632
141.884018,40.02005
141.90744,40.015354
141.922409,40.007729
141.937332,40.000046
141.952179,39.992306
141.975632,39.987244
141.999115,39.982071
142.013901,39.974106
142.02861,39.966091
142.052124,39.960636
142.075684,39.955067
142.090317,39.946827
142.104889,39.938534
142.1194,39.930191
142.142944,39.924255
142.166534,39.918205
142.180954,39.909641
142.195312,39.901024
142.218903,39.894695
142.242523,39.888248
142.256775,39.879414
142.270966,39.870529
142.294586,39.863804
142.318222,39.85696
142.332306,39.847862
142.346329,39.838711
142.369949,39.831589
142.3936,39.824352
142.407501,39.814987
142.421341,39.805576
142.444962,39.798058
142.468613,39.790428
142.48233,39.780804
142.495972,39.771133
142.529617,39.76503
142.543213,39.755196
142.556732,39.745316
142.580338,39.737095
142.603958,39.728752
142.617355,39.71867
142.630676,39.708538
142.664581,39.701485
142.677841,39.691193
142.69101,39.680859
142.714584,39.671932
142.738144,39.662891
142.75119,39.652355
142.774719,39.64312
142.798264,39.633766
137.411377,37.337284
137.421219,37.357384
137.431107,37.377422
137.44104,37.397396
137.444199,37.411366
137.461014,37.437153
137.464264,37.451084
137.474365,37.470848
137.484497,37.490543
137.494675,37.510174
137.504883,37.529732
137.508392,37.54361
137.518692,37.56308
137.529022,37.582478
137.532684,37.596333
137.54982,37.621063
137.553558,37.634869
137.564056,37.65403
137.574585,37.673119
137.578491,37.68689
137.589096,37.705879
137.599762,37.724789
137.603806,37.738529
137.62117,37.762386
137.625305,37.776066
137.629501,37.789764
137.646957,37.813293
137.651245,37.826931
137.655594,37.840588
137.673111,37.863781
137.677551,37.877369
137.682053,37.890976
137.69313,37.90921
137.704224,37.927364
137.708878,37.940914
137.720062,37.958954
137.731277,37.976902
137.736069,37.990395
137.74736,38.008224
137.758682,38.025967
137.763626,38.039398
137.768631,38.052837
137.78006,38.070415
137.791534,38.087906
137.796677,38.101276
137.808212,38.118641
137.813477,38.131977
137.82193,38.147266
137.8367,38.166348
137.842117,38.179607
137.853806,38.196609
137.859314,38.209835
137.864883,38.223064
137.876678,38.239887
137.888504,38.256615
137.894226,38.26976
137.899994,38.282909
137.911926,38.299446
137.917801,38.312553
137.929794,38.328949
137.93576,38.342007
137.941803,38.355064
137.953888,38.371265
137.966003,38.387367
137.972183,38.40033
137.978409,38.413292
137.990616,38.429192
137.996964,38.442101
138.009216,38.457851
138.015656,38.470703
138.022156,38.483555
138.0345,38.499096
138.041107,38.51189
138.053513,38.527275
138.060196,38.540009
138.066956,38.552738
138.073761,38.565464
138.086288,38.580578
138.093201,38.593239
138.105774,38.608192
138.112778,38.620789
138.119843,38.633381
138.126968,38.645962
138.139664,38.660629
138.152359,38.675194
138.159607,38.687649
138.166931,38.700092
138.174301,38.712524
138.181747,38.724949
138.19458,38.739162
138.202103,38.751511
138.214966,38.765549
138.222595,38.777824
138.23027,38.790089
138.238022,38.802334
138.245819,38.814568
138.258804,38.828243
138.266708,38.840401
138.279724,38.853897
138.287704,38.865974
138.295746,38.878033
138.303848,38.890072
138.311996,38.902096
138.320221,38.914101
138.333374,38.927158
138.341675,38.939079
138.350052,38.950981
138.363251,38.963783
138.371704,38.975597
138.380203,38.987392
138.388763,38.999165
138.3974,39.010918
138.406082,39.022648
138.419403,39.034988
138.428162,39.046627
142.080795,36.935905
142.082565,36.921577
142.099121,36.893372
142.1082,36.872036
142.117249,36.850655
142.126236,36.829227
142.142593,36.800632
142.151489,36.779076
142.160339,36.757473
142.169144,36.735828
142.185303,36.706856
142.1866,36.692417
142.202667,36.66328
142.218689,36.634026
142.219833,36.619549
142.235748,36.590134
142.251617,36.5606
142.252625,36.546097
142.268402,36.516411
142.284103,36.48661
142.284973,36.47208
142.300598,36.442135
142.316147,36.412075
142.316879,36.397526
142.332336,36.367325
142.347748,36.337017
142.363098,36.306602
142.363647,36.292011
142.378891,36.261463
142.394073,36.230808
142.40921,36.200054
142.409576,36.185432
142.424622,36.154549
142.43959,36.123566
142.454514,36.092487
142.469376,36.06131
142.469315,36.04681
142.484085,36.015518
142.498734,35.984169
142.512604,35.953316
142.527191,35.921741
142.541733,35.890079
142.556198,35.858326
142.556046,35.843601
142.570419,35.811745
142.584747,35.7798
142.598999,35.747772
142.612991,35.715824
142.634399,35.6749
142.637253,35.654507
142.651291,35.62215
142.665253,35.58971
142.679169,35.557198
142.693024,35.524605
142.706818,35.491936
142.720566,35.45919
142.734238,35.426373
142.747879,35.393482
142.761444,35.360519
142.774963,35.327488
142.788422,35.294388
142.801819,35.261215
142.81517,35.227982
142.828461,35.194679
142.84169,35.161312
142.86908,35.109299
142.882187,35.075741
142.895248,35.042122
142.908249,35.008442
142.921188,34.974705
142.934082,34.94091
142.960999,34.8881
142.97377,34.85413
142.986481,34.820103
142.999146,34.78603
143.025757,34.732697
143.038284,34.698456
143.057755,34.654507
143.077148,34.610447
143.089508,34.576
143.101822,34.541508
143.12796,34.487419
143.140152,34.452778
143.166122,34.39843
143.178192,34.363644
143.203995,34.309044
143.215958,34.274124
143.227875,34.239162
143.253448,34.184223
143.278931,34.129139
143.290665,34.09396
143.315979,34.038643
143.32756,34.003372
143.352539,33.947956
143.377609,33.892277
143.388138,33.85741
143.413055,33.801514
143.424393,33.7659
143.455887,33.699562
143.473831,33.653561
143.498413,33.597202
143.522903,33.540718
143.547318,33.484116
143.558319,33.448097
143.582581,33.391304
143.606522,33.334549
143.630615,33.277519
143.654617,33.220387
143.660782,33.187077
143.684647,33.129757
143.70842,33.072327
143.732101,33.014793
143.755722,32.957153
143.779251,32.89941
143.802719,32.841564
131.134552,44.337551
131.145309,44.29855
131.156158,44.259609
131.167068,44.220737
131.17807,44.181927
131.189148,44.143181
131.200317,44.1045
131.211548,44.065891
131.19545,44.041172
131.234283,43.988876
131.218277,43.964161
131.229813,43.925762
131.24144,43.88744
131.253159,43.84919
131.264969,43.811012
131.249176,43.786236
131.261124,43.748146
131.273163,43.710133
131.257507,43.685299
131.297501,43.634346
131.281967,43.609531
131.294327,43.571774
131.306793,43.5341
131.291183,43.508762
131.303802,43.471184
131.316528,43.433693
131.301254,43.408768
131.286011,43.383797
131.29895,43.346428
131.311996,43.309155
131.296906,43.284153
131.310104,43.24699
131.32341,43.209919
131.308487,43.184898
131.293594,43.159809
131.307129,43.122883
131.32074,43.085949
131.306,43.060848
131.291306,43.035667
131.305176,42.998981
131.290588,42.973789
131.290344,42.94289
131.318817,42.900791
131.304413,42.875599
131.290024,42.850349
131.304443,42.814072
131.290176,42.788795
131.27594,42.763466
131.261749,42.738083
131.276505,42.702011
131.262436,42.676609
131.277374,42.640686
131.263412,42.615269
131.249496,42.589802
131.235626,42.564281
131.250916,42.528587
131.237167,42.503059
131.22345,42.477486
131.239029,42.44199
131.225449,42.416405
131.211899,42.390778
131.19841,42.365101
131.184982,42.339382
131.171585,42.313618
131.187683,42.278465
131.174423,42.252701
131.161209,42.226898
131.148056,42.20105
131.16452,42.166164
131.151505,42.140327
131.138535,42.114449
131.125626,42.088528
131.112762,42.062572
131.09996,42.036575
131.087204,42.010544
131.074509,41.98447
131.061874,41.958363
131.049301,41.93222
131.036774,41.90604
131.024307,41.879829
